0.00000 0.47350 0.29211 0.57244 0.31213 0.28504 0.48292 0.45819 0.55477
0.47350 0.00000 0.53121 0.64782 0.58186 0.32862 0.50530 0.61720 0.64900
0.29211 0.53121 0.00000 0.48057 0.46054 0.42992 0.55713 0.30389 0.47939
0.57244 0.64782 0.48057 0.00000 0.61602 0.61013 0.64075 0.30153 0.44876
0.31213 0.58186 0.46054 0.61602 0.00000 0.48410 0.60895 0.54653 0.59953
0.28504 0.32862 0.42992 0.61013 0.48410 0.00000 0.32862 0.54417 0.59953
0.48292 0.50530 0.55713 0.64075 0.60895 0.32862 0.00000 0.61013 0.65842
0.45819 0.61720 0.30389 0.30153 0.54653 0.54417 0.61013 0.00000 0.30271
0.55477 0.64900 0.47939 0.44876 0.59953 0.59953 0.65842 0.30271 0.00000
